00100000000000010000000000000010
00100000000000100000000000000000
00101000001000110000000000000001
00010100011000000000000000000001
00100000010000100000000000000001
00101000001000110000000000000001
00010100011000000000000000000001
00100000010000100000000000000001
00101000001000110000000000000001
00010100011000000000000000000001
00100000010000100000000000000001
00101000001000110000000000000001
00010100011000000000000000000001
00100000010000100000000000000001
00101000001000110000000000000001
00010100011000000000000000000001
00100000010000100000000000000001
00101000001000110000000000000001
00010100011000000000000000000001
00100000010000100000000000000001
00101000001000110000000000000001
00010100011000000000000000000001
00100000010000100000000000000001
00101000001000110000000000000001
00010100011000000000000000000001
00100000010000100000000000000001
00101000001000110000000000000001
00010100011000000000000000000001
00100000010000100000000000000001
00101000001000110000000000000001
00010100011000000000000000000001
00100000010000100000000000000001
00101000001000110000000000000001
00010100011000000000000000000001
00100000010000100000000000000001
00101000001000110000000000000001
00010100011000000000000000000001
00100000010000100000000000000001
00101000001000110000000000000001
00010100011000000000000000000001
00100000010000100000000000000001
00101000001000110000000000000001
00010100011000000000000000000001
00100000010000100000000000000001
00101000001000110000000000000001
00010100011000000000000000000001
00100000010000100000000000000001
00101000001000110000000000000001
00010100011000000000000000000001
00100000010000100000000000000001
00101000001000110000000000000001
00010100011000000000000000000001
00100000010000100000000000000001
00101000001000110000000000000001
00010100011000000000000000000001
00100000010000100000000000000001
00101000001000110000000000000001
00010100011000000000000000000001
00100000010000100000000000000001
00101000001000110000000000000001
00010100011000000000000000000001
00100000010000100000000000000001
00000000000000000000000000100000
