00100000000000010000000000010000
00100000000000100000000000100000
00100000000000110000000000110000
00100000000001000000000001000000
00100000000001010000000001010000
00100000000001100000000001100000
00100000000001110000000001110000
00100000000010000000000010000000
00100000000010010000000010010000
00100000000010100000000010100000
00100000000010110000000010110000
00100000000011000000000011000000
00100000000011010000000011010000
00100000000011100000000011100000
00100000000011110000000011110000
00100000000100000000000100000000
00100000000100010000000100010000
00100000000100100000000100100000
00100000000100110000000100110000
00100000000101000000000101000000
00100000000101010000000101010000
00100000000101100000000101100000
00100000000101110000000101110000
00100000000110000000000110000000
00100000000110010000000110010000
00100000000110100000000110100000
00100000000110110000000110110000
00100000000111000000000111000000
00100000000111010000000111010000
00100000000111100000000111100000
00100000000111110000000111110000
